date,simple,serious,fatal,total
07/01/2012,425,113,0,538
07/02/2012,429,134,1,564
07/03/2012,524,139,1,664
07/04/2012,322,110,0,432
07/05/2012,491,99,1,591
07/06/2012,509,129,0,638
07/07/2012,384,106,0,490
07/08/2012,366,97,1,464
07/09/2012,417,116,0,533
07/10/2012,409,114,1,524
07/11/2012,450,115,0,565
07/12/2012,463,113,1,577
07/13/2012,485,117,1,603
07/14/2012,420,114,2,536
07/15/2012,402,92,0,494
07/16/2012,416,110,2,528
07/17/2012,518,130,0,648
07/18/2012,459,98,1,558
07/19/2012,406,116,0,522
07/20/2012,492,112,0,604
07/21/2012,400,127,1,528
07/22/2012,379,117,2,498
07/23/2012,406,99,0,505
07/24/2012,485,89,0,574
07/25/2012,489,123,0,612
07/26/2012,481,123,0,604
07/27/2012,517,120,0,637
07/28/2012,390,122,1,513
07/29/2012,303,73,0,376
07/30/2012,422,106,2,530
07/31/2012,441,99,0,540
08/01/2012,518,97,0,615
08/02/2012,456,113,1,570
08/03/2012,481,107,1,589
08/04/2012,451,115,1,567
08/05/2012,397,121,0,518
08/06/2012,477,115,1,593
08/07/2012,444,103,0,547
08/08/2012,424,103,1,528
08/09/2012,457,122,2,581
08/10/2012,499,117,1,617
08/11/2012,404,101,2,507
08/12/2012,400,105,0,505
08/13/2012,392,112,0,504
08/14/2012,417,102,1,520
08/15/2012,484,118,0,602
08/16/2012,496,117,0,613
08/17/2012,446,128,0,574
08/18/2012,430,110,0,540
08/19/2012,365,102,0,467
08/20/2012,372,100,1,473
08/21/2012,394,86,2,482
08/22/2012,402,100,2,504
08/23/2012,447,125,2,574
08/24/2012,484,115,2,601
08/25/2012,369,105,0,474
08/26/2012,366,104,1,471
08/27/2012,431,115,2,548
08/28/2012,473,114,0,587
08/29/2012,455,95,0,550
08/30/2012,482,135,1,618
08/31/2012,548,151,2,701
09/01/2012,412,103,0,515
09/02/2012,319,101,1,421
09/03/2012,291,82,0,373
09/04/2012,475,132,0,607
09/05/2012,486,114,1,601
09/06/2012,471,101,0,572
09/07/2012,541,139,0,680
09/08/2012,465,133,0,598
09/09/2012,365,99,0,464
09/10/2012,501,135,1,637
09/11/2012,416,105,0,521
09/12/2012,530,120,1,651
09/13/2012,509,121,2,632
09/14/2012,490,119,0,609
09/15/2012,449,106,2,557
09/16/2012,372,85,1,458
09/17/2012,360,90,2,452
09/18/2012,423,132,1,556
09/19/2012,493,119,0,612
09/20/2012,424,95,3,522
09/21/2012,519,134,1,654
09/22/2012,425,121,1,547
09/23/2012,378,102,0,480
09/24/2012,445,116,1,562
09/25/2012,457,134,2,593
09/26/2012,320,84,0,404
09/27/2012,494,125,1,620
09/28/2012,562,139,2,703
09/29/2012,387,97,1,485
09/30/2012,361,86,2,449
10/01/2012,438,116,1,555
10/02/2012,452,141,0,593
10/03/2012,410,91,1,502
10/04/2012,459,95,0,554
10/05/2012,549,144,0,693
10/06/2012,405,95,0,500
10/07/2012,353,128,0,481
10/08/2012,291,85,0,376
10/09/2012,454,115,1,570
10/10/2012,497,143,0,640
10/11/2012,536,121,0,657
10/12/2012,487,107,0,594
10/13/2012,443,103,1,547
10/14/2012,409,107,1,517
10/15/2012,489,116,2,607
10/16/2012,476,125,1,602
10/17/2012,488,127,0,615
10/18/2012,523,107,0,630
10/19/2012,595,141,2,738
10/20/2012,457,128,2,587
10/21/2012,336,89,1,426
10/22/2012,490,116,2,608
10/23/2012,416,105,1,522
10/24/2012,401,93,0,494
10/25/2012,396,114,1,511
10/26/2012,482,114,2,598
10/27/2012,429,94,1,524
10/28/2012,315,88,0,403
10/29/2012,248,50,0,298
10/30/2012,306,66,0,372
10/31/2012,466,82,1,549
11/01/2012,347,91,1,439
11/02/2012,277,67,1,345
11/03/2012,248,59,0,307
11/04/2012,276,68,0,344
11/05/2012,382,97,0,479
11/06/2012,414,99,1,514
11/07/2012,576,142,0,718
11/08/2012,468,82,0,550
11/09/2012,565,123,0,688
11/10/2012,371,72,1,444
11/11/2012,421,105,0,526
11/12/2012,439,107,0,546
11/13/2012,525,123,0,648
11/14/2012,518,106,1,625
11/15/2012,517,105,1,623
11/16/2012,556,116,0,672
11/17/2012,446,95,1,542
11/18/2012,364,81,1,446
11/19/2012,482,103,0,585
11/20/2012,534,135,2,671
11/21/2012,553,136,0,689
11/22/2012,318,65,1,384
11/23/2012,388,93,0,481
11/24/2012,384,74,0,458
11/25/2012,342,72,1,415
11/26/2012,440,122,1,563
11/27/2012,473,110,0,583
11/28/2012,416,96,0,512
11/29/2012,414,101,0,515
11/30/2012,460,115,1,576
12/01/2012,385,95,0,480
12/02/2012,359,95,0,454
12/03/2012,511,109,0,620
12/04/2012,504,117,0,621
12/05/2012,419,95,0,514
12/06/2012,515,105,0,620
12/07/2012,553,161,0,714
12/08/2012,462,117,1,580
12/09/2012,409,135,0,544
12/10/2012,495,124,0,619
12/11/2012,466,112,0,578
12/12/2012,438,111,0,549
12/13/2012,436,108,1,545
12/14/2012,519,127,2,648
12/15/2012,416,105,2,523
12/16/2012,378,120,2,500
12/17/2012,511,136,2,649
12/18/2012,519,125,1,645
12/19/2012,487,101,2,590
12/20/2012,491,114,1,606
12/21/2012,594,158,0,752
12/22/2012,451,91,0,542
12/23/2012,335,73,0,408
12/24/2012,406,111,1,518
12/25/2012,278,76,0,354
12/26/2012,400,128,3,531
12/27/2012,428,96,1,525
12/28/2012,455,99,3,557
12/29/2012,340,100,2,442
12/30/2012,316,94,1,411
12/31/2012,404,77,1,482
01/01/2013,281,100,0,381
01/02/2013,394,85,1,480
01/03/2013,446,103,0,549
01/04/2013,424,78,3,505
01/05/2013,316,71,2,389
01/06/2013,316,76,1,393
01/07/2013,417,103,1,521
01/08/2013,423,90,0,513
01/09/2013,392,95,0,487
01/10/2013,441,114,0,555
01/11/2013,491,168,1,660
01/12/2013,381,93,1,475
01/13/2013,291,82,0,373
01/14/2013,437,105,0,542
01/15/2013,427,89,0,516
01/16/2013,460,117,1,578
01/17/2013,386,104,1,491
01/18/2013,463,97,1,561
01/19/2013,394,89,1,484
01/20/2013,322,70,1,393
01/21/2013,288,67,0,355
01/22/2013,443,100,1,544
01/23/2013,451,93,1,545
01/24/2013,450,104,0,554
01/25/2013,556,117,1,674
01/26/2013,451,106,1,558
01/27/2013,339,90,0,429
01/28/2013,404,103,0,507
01/29/2013,431,107,4,542
01/30/2013,397,97,3,497
01/31/2013,485,106,1,592
02/01/2013,468,105,1,574
02/02/2013,435,99,0,534
02/03/2013,377,68,0,445
02/04/2013,459,93,1,553
02/05/2013,449,116,1,566
02/06/2013,457,108,1,566
02/07/2013,424,101,1,526
02/08/2013,584,119,0,703
02/09/2013,368,35,0,403
02/10/2013,340,60,0,400
02/11/2013,381,94,0,475
02/12/2013,413,85,0,498
02/13/2013,448,118,2,568
02/14/2013,506,125,0,631
02/15/2013,483,118,3,604
02/16/2013,367,82,0,449
02/17/2013,361,86,0,447
02/18/2013,335,63,0,398
02/19/2013,371,106,0,477
02/20/2013,424,86,0,510
02/21/2013,404,92,2,498
02/22/2013,438,92,1,531
02/23/2013,427,92,2,521
02/24/2013,343,82,1,426
02/25/2013,409,80,1,490
02/26/2013,411,126,0,537
02/27/2013,420,129,1,550
02/28/2013,435,80,2,517
03/01/2013,508,95,0,603
03/02/2013,389,84,1,474
03/03/2013,404,95,3,502
03/04/2013,484,112,1,597
03/05/2013,422,105,0,527
03/06/2013,397,78,0,475
03/07/2013,418,116,1,535
03/08/2013,719,131,1,851
03/09/2013,466,102,1,569
03/10/2013,335,79,1,415
03/11/2013,418,101,3,522
03/12/2013,439,108,0,547
03/13/2013,515,120,1,636
03/14/2013,456,101,0,557
03/15/2013,521,86,0,607
03/16/2013,410,111,0,521
03/17/2013,355,69,2,426
03/18/2013,525,97,1,623
03/19/2013,467,92,0,559
03/20/2013,448,91,1,540
03/21/2013,406,101,0,507
03/22/2013,489,115,0,604
03/23/2013,389,98,1,488
03/24/2013,367,84,0,451
03/25/2013,397,101,0,498
03/26/2013,352,71,2,425
03/27/2013,374,67,0,441
03/28/2013,435,114,0,549
03/29/2013,424,95,1,520
03/30/2013,409,104,0,513
03/31/2013,331,95,0,426
04/01/2013,399,78,2,479
04/02/2013,371,66,0,437
04/03/2013,430,100,2,532
04/04/2013,465,100,1,566
04/05/2013,472,110,0,582
04/06/2013,425,105,1,531
04/07/2013,360,91,0,451
04/08/2013,464,118,0,582
04/09/2013,493,119,1,613
04/10/2013,459,121,0,580
04/11/2013,431,86,0,517
04/12/2013,503,146,0,649
04/13/2013,449,106,0,555
04/14/2013,381,91,0,472
04/15/2013,479,123,1,603
04/16/2013,448,115,1,564
04/17/2013,414,120,1,535
04/18/2013,463,90,0,553
04/19/2013,459,111,0,570
04/20/2013,426,106,0,532
04/21/2013,383,88,0,471
04/22/2013,475,89,1,565
04/23/2013,413,99,1,513
04/24/2013,482,115,1,598
04/25/2013,441,142,0,583
04/26/2013,555,120,0,675
04/27/2013,406,111,0,517
04/28/2013,330,110,0,440
04/29/2013,468,129,0,597
04/30/2013,477,97,2,576
05/01/2013,431,144,1,576
05/02/2013,472,113,0,585
05/03/2013,556,130,0,686
05/04/2013,459,121,0,580
05/05/2013,407,108,0,515
05/06/2013,431,129,1,561
05/07/2013,478,113,1,592
05/08/2013,487,133,0,620
05/09/2013,486,116,0,602
05/10/2013,563,134,1,698
05/11/2013,410,113,0,523
05/12/2013,405,121,1,527
05/13/2013,472,103,1,576
05/14/2013,470,94,1,565
05/15/2013,459,72,1,532
05/16/2013,443,115,1,559
05/17/2013,595,145,1,741
05/18/2013,408,98,0,506
05/19/2013,440,103,1,544
05/20/2013,526,131,0,657
05/21/2013,569,128,0,697
05/22/2013,465,105,0,570
05/23/2013,594,141,0,735
05/24/2013,527,141,0,668
05/25/2013,413,101,0,514
05/26/2013,343,110,2,455
05/27/2013,313,105,2,420
05/28/2013,565,121,0,686
05/29/2013,461,113,0,574
05/30/2013,554,131,0,685
05/31/2013,618,117,1,736
06/01/2013,508,123,0,631
06/02/2013,398,88,1,487
06/03/2013,575,131,1,707
06/04/2013,468,144,1,613
06/05/2013,487,112,0,599
06/06/2013,467,137,1,605
06/07/2013,628,163,0,791
06/08/2013,455,116,0,571
06/09/2013,409,124,0,533
06/10/2013,509,114,1,624
06/11/2013,512,121,2,635
06/12/2013,479,135,1,615
06/13/2013,432,98,4,534
06/14/2013,558,135,0,693
06/15/2013,473,122,1,596
06/16/2013,364,112,1,477
06/17/2013,481,133,0,614
06/18/2013,505,108,0,613
06/19/2013,479,143,0,622
06/20/2013,557,123,1,681
06/21/2013,552,137,1,690
06/22/2013,457,142,0,599
06/23/2013,406,98,1,505
06/24/2013,553,125,2,680
06/25/2013,509,139,0,648
06/26/2013,508,112,1,621
06/27/2013,483,115,0,598
06/28/2013,493,114,1,608
06/29/2013,474,116,1,591
06/30/2013,349,74,0,423
07/01/2013,503,130,0,633
07/02/2013,495,105,1,601
07/03/2013,515,120,0,635
07/04/2013,329,109,0,438
07/05/2013,442,132,1,575
07/06/2013,413,103,1,517
07/07/2013,362,110,3,475
07/08/2013,509,108,0,617
07/09/2013,478,105,0,583
07/10/2013,504,109,1,614
07/11/2013,435,114,1,550
07/12/2013,487,112,0,599
07/13/2013,460,114,1,575
07/14/2013,370,101,0,471
07/15/2013,458,123,0,581
07/16/2013,467,115,0,582
07/17/2013,499,110,0,609
07/18/2013,508,127,1,636
07/19/2013,575,122,0,697
07/20/2013,428,122,1,551
07/21/2013,341,106,0,447
07/22/2013,474,115,2,591
07/23/2013,449,122,0,571
07/24/2013,445,126,0,571
07/25/2013,405,101,0,506
07/26/2013,497,118,2,617
07/27/2013,405,108,3,516
07/28/2013,362,121,2,485
07/29/2013,475,122,0,597
07/30/2013,465,117,2,584
07/31/2013,425,126,2,553
08/01/2013,512,129,2,643
08/02/2013,505,121,0,626
08/03/2013,376,116,0,492
08/04/2013,349,104,1,454
08/05/2013,425,119,0,544
08/06/2013,408,133,1,542
08/07/2013,420,87,1,508
08/08/2013,442,107,0,549
08/09/2013,466,112,1,579
08/10/2013,387,108,0,495
08/11/2013,374,103,4,481
08/12/2013,424,94,1,519
08/13/2013,451,101,0,552
08/14/2013,486,134,2,622
08/15/2013,481,115,3,599
08/16/2013,527,149,2,678
08/17/2013,392,110,2,504
08/18/2013,354,88,0,442
08/19/2013,364,97,1,462
08/20/2013,417,125,0,542
08/21/2013,451,110,1,562
08/22/2013,464,113,0,577
08/23/2013,501,133,2,636
08/24/2013,407,117,3,527
08/25/2013,362,96,1,459
08/26/2013,404,116,1,521
08/27/2013,400,105,1,506
08/28/2013,387,95,0,482
08/29/2013,441,130,1,572
08/30/2013,479,120,0,599
08/31/2013,378,100,2,480
09/01/2013,366,114,0,480
09/02/2013,323,108,0,431
09/03/2013,434,115,1,550
09/04/2013,467,136,1,604
09/05/2013,402,91,0,493
09/06/2013,406,117,1,524
09/07/2013,465,120,0,585
09/08/2013,380,118,2,500
09/09/2013,510,122,0,632
09/10/2013,497,132,0,629
09/11/2013,472,105,0,577
09/12/2013,550,144,1,695
09/13/2013,531,119,2,652
09/14/2013,409,109,1,519
09/15/2013,379,94,3,476
09/16/2013,476,94,0,570
09/17/2013,480,145,2,627
09/18/2013,449,122,0,571
09/19/2013,417,119,0,536
09/20/2013,485,146,0,631
09/21/2013,425,119,2,546
09/22/2013,447,137,1,585
09/23/2013,505,155,1,661
09/24/2013,471,143,1,615
09/25/2013,441,98,0,539
09/26/2013,420,94,2,516
09/27/2013,436,115,2,553
09/28/2013,434,111,2,547
09/29/2013,405,101,0,506
09/30/2013,468,137,0,605
10/01/2013,487,128,1,616
10/02/2013,506,140,1,647
10/03/2013,479,111,0,590
10/04/2013,525,131,2,658
10/05/2013,408,89,0,497
10/06/2013,315,88,1,404
10/07/2013,502,116,0,618
10/08/2013,476,97,1,574
10/09/2013,421,108,0,529
10/10/2013,458,100,1,559
10/11/2013,502,116,3,621
10/12/2013,433,123,0,556
10/13/2013,401,100,1,502
10/14/2013,337,103,0,440
10/15/2013,485,130,0,615
10/16/2013,437,111,0,548
10/17/2013,479,94,1,574
10/18/2013,530,149,1,680
10/19/2013,368,103,0,471
10/20/2013,389,99,2,490
10/21/2013,469,145,2,616
10/22/2013,421,118,1,540
10/23/2013,447,111,0,558
10/24/2013,504,128,0,632
10/25/2013,544,102,1,647
10/26/2013,477,149,0,626
10/27/2013,415,97,0,512
10/28/2013,489,129,2,620
10/29/2013,482,118,0,600
10/30/2013,457,100,1,558
10/31/2013,499,115,1,615
11/01/2013,546,164,0,710
11/02/2013,437,112,2,551
11/03/2013,329,86,0,415
11/04/2013,534,124,0,658
11/05/2013,417,91,2,510
11/06/2013,511,123,1,635
11/07/2013,523,123,0,646
11/08/2013,562,119,1,682
11/09/2013,464,105,2,571
11/10/2013,402,71,1,474
11/11/2013,368,86,2,456
11/12/2013,530,116,1,647
11/13/2013,472,119,1,592
11/14/2013,495,124,1,620
11/15/2013,491,124,2,617
11/16/2013,484,128,0,612
11/17/2013,415,117,0,532
11/18/2013,489,121,1,611
11/19/2013,471,129,0,600
11/20/2013,496,111,0,607
11/21/2013,518,110,0,628
11/22/2013,583,116,3,702
11/23/2013,415,120,0,535
11/24/2013,399,93,2,494
11/25/2013,594,115,1,710
11/26/2013,678,186,3,867
11/27/2013,571,168,3,742
11/28/2013,352,77,0,429
11/29/2013,369,66,1,436
11/30/2013,401,75,3,479
12/01/2013,338,82,0,420
12/02/2013,441,108,0,549
12/03/2013,443,108,2,553
12/04/2013,410,109,1,520
12/05/2013,453,120,0,573
12/06/2013,589,169,1,759
12/07/2013,451,115,1,567
12/08/2013,363,93,0,456
12/09/2013,527,110,2,639
12/10/2013,432,106,1,539
12/11/2013,481,124,0,605
12/12/2013,538,109,1,648
12/13/2013,581,114,0,695
12/14/2013,589,99,2,690
12/15/2013,378,72,0,450
12/16/2013,536,104,0,640
12/17/2013,596,107,0,703
12/18/2013,597,104,0,701
12/19/2013,490,117,0,607
12/20/2013,544,128,2,674
12/21/2013,470,120,4,594
12/22/2013,408,96,1,505
12/23/2013,577,129,1,707
12/24/2013,407,108,0,515
12/25/2013,209,47,1,257
12/26/2013,354,74,0,428
12/27/2013,392,83,1,476
12/28/2013,388,86,1,475
12/29/2013,314,79,1,394
12/30/2013,386,89,1,476
12/31/2013,378,86,1,465
01/01/2014,308,89,2,399
01/02/2014,504,96,3,603
01/03/2014,390,33,0,423
01/04/2014,350,68,0,418
01/05/2014,272,47,1,320
01/06/2014,423,94,1,518
01/07/2014,395,96,0,491
01/08/2014,503,113,0,616
01/09/2014,480,81,0,561
01/10/2014,531,133,3,667
01/11/2014,349,114,2,465
01/12/2014,315,72,1,388
01/13/2014,458,110,0,568
01/14/2014,420,138,0,558
01/15/2014,489,94,0,583
01/16/2014,414,107,0,521
01/17/2014,482,106,1,589
01/18/2014,354,92,2,448
01/19/2014,290,88,2,380
01/20/2014,301,58,1,360
01/21/2014,1025,136,0,1161
01/22/2014,440,58,0,498
01/23/2014,518,94,0,612
01/24/2014,563,142,0,705
01/25/2014,396,78,1,475
01/26/2014,373,91,1,465
01/27/2014,424,87,0,511
01/28/2014,415,89,0,504
01/29/2014,521,128,0,649
01/30/2014,539,118,0,657
01/31/2014,473,85,2,560
02/01/2014,394,113,0,507
02/02/2014,338,78,1,417
02/03/2014,839,119,2,960
02/04/2014,530,83,0,613
02/05/2014,423,45,0,468
02/06/2014,495,74,0,569
02/07/2014,584,90,1,675
02/08/2014,372,52,0,424
02/09/2014,391,58,1,450
02/10/2014,561,117,0,678
02/11/2014,554,81,1,636
02/12/2014,550,89,1,640
02/13/2014,382,64,1,447
02/14/2014,703,88,0,791
02/15/2014,454,62,0,516
02/16/2014,411,53,0,464
02/17/2014,415,76,0,491
02/18/2014,440,77,1,518
02/19/2014,465,87,0,552
02/20/2014,480,75,1,556
02/21/2014,450,95,0,545
02/22/2014,489,98,0,587
02/23/2014,326,86,2,414
02/24/2014,479,90,0,569
02/25/2014,438,75,0,513
02/26/2014,423,88,0,511
02/27/2014,474,97,0,571
02/28/2014,541,114,0,655
03/01/2014,403,93,1,497
03/02/2014,289,55,0,344
03/03/2014,368,72,0,440
03/04/2014,452,79,1,532
03/05/2014,408,82,1,491
03/06/2014,463,94,1,558
03/07/2014,447,85,1,533
03/08/2014,419,96,0,515
03/09/2014,331,72,1,404
03/10/2014,423,90,0,513
03/11/2014,424,86,0,510
03/12/2014,437,78,0,515
03/13/2014,455,90,0,545
03/14/2014,492,93,0,585
03/15/2014,431,87,1,519
03/16/2014,345,66,1,412
03/17/2014,421,98,0,519
03/18/2014,456,94,1,551
03/19/2014,424,100,1,525
03/20/2014,523,104,0,627
03/21/2014,460,127,2,589
03/22/2014,395,98,0,493
03/23/2014,343,83,1,427
03/24/2014,455,91,1,547
03/25/2014,390,83,1,474
03/26/2014,464,99,0,563
03/27/2014,436,100,2,538
03/28/2014,437,92,1,530
03/29/2014,441,128,0,569
03/30/2014,346,91,0,437
03/31/2014,464,95,0,559
04/01/2014,470,79,0,549
04/02/2014,428,89,2,519
04/03/2014,488,103,1,592
04/04/2014,509,111,2,622
04/05/2014,475,104,1,580
04/06/2014,393,91,0,484
04/07/2014,424,109,0,533
04/08/2014,508,97,1,606
04/09/2014,480,114,1,595
04/10/2014,529,115,1,645
04/11/2014,503,106,0,609
04/12/2014,456,122,0,578
04/13/2014,383,99,0,482
04/14/2014,407,105,1,513
04/15/2014,364,88,0,452
04/16/2014,444,125,1,570
04/17/2014,436,71,1,508
04/18/2014,424,72,0,496
04/19/2014,414,112,0,526
04/20/2014,322,71,0,393
04/21/2014,440,80,1,521
04/22/2014,372,87,0,459
04/23/2014,437,98,1,536
04/24/2014,482,104,0,586
04/25/2014,518,99,0,617
04/26/2014,451,95,2,548
04/27/2014,335,114,0,449
04/28/2014,492,104,1,597
04/29/2014,466,89,0,555
04/30/2014,513,136,2,651
05/01/2014,526,123,1,650
05/02/2014,582,116,0,698
05/03/2014,478,111,1,590
05/04/2014,364,86,1,451
05/05/2014,513,104,1,618
05/06/2014,450,114,1,565
05/07/2014,499,104,0,603
05/08/2014,500,95,1,596
05/09/2014,490,94,0,584
05/10/2014,448,100,1,549
05/11/2014,477,105,2,584
05/12/2014,463,117,1,581
05/13/2014,461,98,1,560
05/14/2014,511,124,1,636
05/15/2014,526,133,0,659
05/16/2014,580,119,1,700
05/17/2014,507,112,0,619
05/18/2014,411,96,0,507
05/19/2014,474,96,2,572
05/20/2014,534,116,0,650
05/21/2014,482,90,3,575
05/22/2014,499,93,1,593
05/23/2014,529,130,1,660
05/24/2014,384,101,1,486
05/25/2014,376,95,1,472
05/26/2014,346,86,1,433
05/27/2014,522,122,1,645
05/28/2014,463,75,0,538
05/29/2014,527,136,0,663
05/30/2014,522,128,0,650
05/31/2014,485,101,1,587
06/01/2014,472,132,0,604
06/02/2014,521,119,3,643
06/03/2014,565,98,0,663
06/04/2014,488,93,1,582
06/05/2014,463,104,2,569
06/06/2014,600,142,1,743
06/07/2014,506,116,1,623
06/08/2014,392,124,0,516
06/09/2014,426,101,1,528
06/10/2014,480,87,2,569
06/11/2014,480,96,0,576
06/12/2014,457,106,0,563
06/13/2014,573,132,3,708
06/14/2014,510,102,0,612
06/15/2014,362,112,1,475
06/16/2014,488,134,0,622
06/17/2014,522,144,0,666
06/18/2014,548,115,0,663
06/19/2014,549,126,0,675
06/20/2014,597,166,2,765
06/21/2014,439,117,1,557
06/22/2014,383,94,0,477
06/23/2014,526,118,0,644
06/24/2014,511,121,0,632
06/25/2014,517,127,2,646
06/26/2014,527,143,0,670
06/27/2014,548,112,0,660
06/28/2014,489,121,1,611
06/29/2014,419,117,1,537
06/30/2014,485,124,0,609
07/01/2014,500,116,0,616
07/02/2014,538,117,3,658
07/03/2014,592,147,1,740
07/04/2014,276,83,1,360
07/05/2014,365,139,1,505
07/06/2014,351,99,1,451
07/07/2014,506,108,0,614
07/08/2014,486,108,0,594
07/09/2014,482,85,2,569
07/10/2014,471,112,1,584
07/11/2014,515,126,0,641
07/12/2014,455,95,0,550
07/13/2014,345,93,1,439
07/14/2014,451,112,3,566
07/15/2014,485,102,0,587
07/16/2014,440,111,0,551
07/17/2014,488,99,0,587
07/18/2014,509,113,2,624
07/19/2014,379,101,0,480
07/20/2014,355,94,2,451
07/21/2014,458,99,0,557
07/22/2014,478,109,0,587
07/23/2014,487,103,1,591
07/24/2014,423,114,2,539
07/25/2014,527,124,2,653
07/26/2014,421,113,0,534
07/27/2014,378,95,3,476
07/28/2014,471,123,1,595
07/29/2014,429,96,1,526
07/30/2014,490,115,0,605
07/31/2014,517,108,1,626
08/01/2014,540,124,3,667
08/02/2014,429,110,1,540
08/03/2014,393,83,0,476
08/04/2014,474,115,0,589
08/05/2014,488,117,1,606
08/06/2014,468,93,1,562
08/07/2014,469,116,0,585
08/08/2014,480,121,0,601
08/09/2014,432,106,0,538
08/10/2014,400,112,0,512
08/11/2014,494,110,0,604
08/12/2014,402,88,1,491
08/13/2014,458,113,1,572
08/14/2014,499,126,0,625
08/15/2014,444,77,1,522
08/16/2014,394,96,0,490
08/17/2014,364,111,1,476
08/18/2014,496,97,2,595
08/19/2014,414,102,0,516
08/20/2014,457,94,0,551
08/21/2014,454,113,0,567
08/22/2014,461,107,0,568
08/23/2014,369,85,0,454
08/24/2014,351,85,1,437
08/25/2014,456,93,0,549
08/26/2014,494,114,0,608
08/27/2014,437,100,1,538
08/28/2014,499,116,3,618
08/29/2014,515,114,2,631
08/30/2014,414,94,2,510
08/31/2014,408,87,0,495
09/01/2014,307,84,1,392
09/02/2014,585,115,0,700
09/03/2014,473,106,1,580
09/04/2014,605,120,2,727
09/05/2014,542,104,1,647
09/06/2014,454,99,0,553
09/07/2014,372,102,3,477
09/08/2014,495,103,0,598
09/09/2014,496,96,0,592
09/10/2014,496,121,1,618
09/11/2014,519,100,0,619
09/12/2014,585,142,3,730
09/13/2014,447,111,0,558
09/14/2014,417,111,0,528
09/15/2014,501,109,0,610
09/16/2014,504,108,1,613
09/17/2014,532,125,1,658
09/18/2014,526,122,2,650
09/19/2014,548,100,0,648
09/20/2014,482,112,0,594
09/21/2014,417,97,1,515
09/22/2014,526,135,1,662
09/23/2014,493,97,2,592
09/24/2014,476,90,0,566
09/25/2014,406,83,2,491
09/26/2014,516,127,0,643
09/27/2014,481,119,0,600
09/28/2014,411,98,3,512
09/29/2014,463,103,0,566
09/30/2014,475,113,1,589
10/01/2014,450,108,1,559
10/02/2014,468,90,0,558
10/03/2014,561,157,1,719
10/04/2014,414,117,0,531
10/05/2014,406,99,0,505
10/06/2014,519,119,1,639
10/07/2014,481,138,1,620
10/08/2014,516,122,1,639
10/09/2014,400,99,0,499
10/10/2014,446,94,1,541
10/11/2014,436,110,0,546
10/12/2014,370,102,1,473
10/13/2014,348,103,0,451
10/14/2014,564,131,1,696
10/15/2014,468,107,0,575
10/16/2014,477,125,0,602
10/17/2014,524,122,2,648
10/18/2014,381,112,0,493
10/19/2014,381,102,0,483
10/20/2014,482,108,1,591
10/21/2014,491,116,0,607
10/22/2014,549,159,0,708
10/23/2014,521,117,1,639
10/24/2014,563,105,1,669
10/25/2014,415,100,0,515
10/26/2014,424,89,2,515
10/27/2014,505,137,0,642
10/28/2014,480,91,0,571
10/29/2014,449,105,2,556
10/30/2014,528,96,2,626
10/31/2014,554,114,0,668
11/01/2014,511,144,1,656
11/02/2014,440,92,0,532
11/03/2014,504,119,2,625
11/04/2014,435,101,2,538
11/05/2014,447,106,1,554
11/06/2014,532,119,1,652
11/07/2014,510,131,0,641
11/08/2014,444,97,2,543
11/09/2014,348,70,1,419
11/10/2014,450,110,0,560
11/11/2014,410,83,0,493
11/12/2014,432,113,1,546
11/13/2014,568,125,3,696
11/14/2014,534,120,0,654
11/15/2014,424,104,1,529
11/16/2014,346,83,0,429
11/17/2014,533,132,1,666
11/18/2014,595,117,0,712
11/19/2014,536,96,1,633
11/20/2014,539,93,2,634
11/21/2014,563,114,0,677
11/22/2014,406,106,0,512
11/23/2014,349,76,0,425
11/24/2014,600,119,3,722
11/25/2014,502,96,1,599
11/26/2014,585,157,0,742
11/27/2014,301,77,0,378
11/28/2014,361,83,0,444
11/29/2014,335,58,1,394
11/30/2014,317,59,1,377
12/01/2014,530,114,0,644
12/02/2014,498,112,1,611
12/03/2014,465,103,1,569
12/04/2014,494,112,0,606
12/05/2014,526,146,1,673
12/06/2014,497,131,0,628
12/07/2014,398,94,1,493
12/08/2014,496,83,0,579
12/09/2014,526,118,1,645
12/10/2014,511,138,0,649
12/11/2014,553,116,0,669
12/12/2014,589,98,0,687
12/13/2014,494,99,1,594
12/14/2014,355,83,1,439
12/15/2014,593,127,0,720
12/16/2014,508,136,1,645
12/17/2014,433,121,1,555
12/18/2014,528,93,0,621
12/19/2014,536,116,0,652
12/20/2014,419,86,0,505
12/21/2014,344,65,0,409
12/22/2014,474,91,1,566
12/23/2014,594,138,1,733
12/24/2014,418,101,0,519
12/25/2014,246,57,0,303
12/26/2014,378,68,0,446
12/27/2014,323,83,0,406
12/28/2014,283,66,0,349
12/29/2014,339,71,1,411
12/30/2014,397,72,0,469
12/31/2014,391,69,1,461
01/01/2015,314,80,1,395
01/02/2015,380,62,0,442
01/03/2015,353,102,1,456
01/04/2015,299,81,1,381
01/05/2015,390,106,2,498
01/06/2015,674,103,0,777
01/07/2015,446,92,0,538
01/08/2015,476,97,0,573
01/09/2015,628,121,2,751
01/10/2015,409,72,0,481
01/11/2015,287,54,0,341
01/12/2015,467,113,0,580
01/13/2015,512,100,1,613
01/14/2015,423,82,1,506
01/15/2015,446,102,0,548
01/16/2015,475,87,1,563
01/17/2015,415,79,1,495
01/18/2015,803,158,0,961
01/19/2015,436,59,1,496
01/20/2015,420,80,0,500
01/21/2015,429,66,0,495
01/22/2015,424,84,0,508
01/23/2015,505,91,2,598
01/24/2015,375,53,0,428
01/25/2015,334,72,0,406
01/26/2015,421,63,0,484
01/27/2015,173,15,0,188
01/28/2015,400,58,0,458
01/29/2015,452,66,1,519
01/30/2015,543,79,0,622
01/31/2015,448,77,1,526
02/01/2015,310,51,0,361
02/02/2015,591,89,0,680
02/03/2015,640,99,1,740
02/04/2015,504,80,1,585
02/05/2015,492,77,0,569
02/06/2015,579,73,0,652
02/07/2015,373,76,0,449
02/08/2015,329,65,0,394
02/09/2015,461,84,2,547
02/10/2015,487,84,0,571
02/11/2015,505,104,1,610
02/12/2015,449,77,0,526
02/13/2015,650,107,0,757
02/14/2015,385,51,0,436
02/15/2015,387,67,0,454
02/16/2015,343,59,0,402
02/17/2015,535,84,1,620
02/18/2015,533,92,1,626
02/19/2015,453,61,1,515
02/20/2015,531,87,3,621
02/21/2015,448,69,0,517
02/22/2015,440,78,1,519
02/23/2015,500,73,1,574
02/24/2015,498,82,0,580
02/25/2015,530,98,0,628
02/26/2015,463,75,1,539
02/27/2015,611,90,2,703
02/28/2015,445,93,0,538
03/01/2015,594,98,1,693
03/02/2015,553,96,1,650
03/03/2015,556,75,0,631
03/04/2015,515,59,0,574
03/05/2015,756,74,0,830
03/06/2015,831,108,0,939
03/07/2015,505,72,1,578
03/08/2015,386,78,0,464
03/09/2015,552,108,1,661
03/10/2015,471,113,0,584
03/11/2015,469,96,0,565
03/12/2015,500,86,0,586
03/13/2015,501,108,0,609
03/14/2015,408,99,0,507
03/15/2015,393,66,0,459
03/16/2015,450,78,1,529
03/17/2015,445,82,1,528
03/18/2015,464,82,1,547
03/19/2015,495,87,0,582
03/20/2015,460,108,2,570
03/21/2015,424,83,0,507
03/22/2015,350,82,0,432
03/23/2015,503,83,0,586
03/24/2015,516,84,1,601
03/25/2015,431,106,1,538
03/26/2015,431,94,0,525
03/27/2015,461,71,0,532
03/28/2015,395,64,0,459
03/29/2015,431,74,0,505
03/30/2015,467,89,0,556
03/31/2015,527,101,0,628
04/01/2015,536,109,3,648
04/02/2015,555,96,2,653
04/03/2015,411,80,0,491
04/04/2015,416,91,0,507
04/05/2015,335,85,2,422
04/06/2015,424,86,0,510
04/07/2015,378,74,0,452
04/08/2015,397,60,0,457
04/09/2015,387,64,1,452
04/10/2015,393,93,0,486
04/11/2015,487,89,0,576
04/12/2015,369,73,1,443
04/13/2015,459,95,0,554
04/14/2015,454,87,0,541
04/15/2015,486,109,0,595
04/16/2015,466,93,1,560
04/17/2015,565,114,0,679
04/18/2015,486,117,2,605
04/19/2015,374,97,0,471
04/20/2015,531,98,1,630
04/21/2015,533,111,1,645
04/22/2015,476,92,0,568
04/23/2015,523,89,0,612
04/24/2015,568,107,0,675
04/25/2015,488,102,1,591
04/26/2015,391,84,2,477
04/27/2015,471,87,0,558
04/28/2015,513,99,1,613
04/29/2015,549,130,0,679
04/30/2015,533,106,1,640
05/01/2015,533,108,1,642
05/02/2015,440,100,0,540
05/03/2015,432,122,1,555
05/04/2015,526,113,1,640
05/05/2015,530,107,0,637
05/06/2015,483,84,1,568
05/07/2015,564,120,0,684
05/08/2015,569,139,1,709
05/09/2015,467,92,1,560
05/10/2015,432,115,2,549
05/11/2015,516,128,1,645
05/12/2015,558,125,1,684
05/13/2015,537,117,1,655
05/14/2015,525,128,1,654
05/15/2015,599,123,1,723
05/16/2015,511,137,1,649
05/17/2015,411,131,1,543
05/18/2015,470,96,0,566
05/19/2015,505,101,1,607
05/20/2015,540,125,1,666
05/21/2015,523,91,1,615
05/22/2015,596,130,1,727
05/23/2015,444,103,0,547
05/24/2015,348,83,1,432
05/25/2015,329,88,3,420
05/26/2015,576,107,3,686
05/27/2015,562,134,1,697
05/28/2015,565,117,0,682
05/29/2015,657,156,0,813
05/30/2015,493,128,1,622
05/31/2015,443,111,1,555
06/01/2015,576,115,0,691
06/02/2015,517,124,1,642
06/03/2015,532,124,2,658
06/04/2015,450,99,2,551
06/05/2015,580,111,0,691
06/06/2015,478,120,0,598
06/07/2015,445,114,0,559
06/08/2015,526,107,1,634
06/09/2015,547,105,0,652
06/10/2015,532,135,0,667
06/11/2015,555,111,0,666
06/12/2015,367,84,0,451
06/13/2015,310,85,0,395
06/14/2015,468,106,2,576
06/15/2015,435,70,1,506
06/16/2015,487,106,0,593
06/17/2015,573,133,0,706
06/18/2015,490,124,1,615
06/19/2015,615,117,0,732
06/20/2015,402,102,1,505
06/21/2015,494,126,0,620
06/22/2015,633,140,1,774
06/23/2015,584,117,1,702
06/24/2015,661,115,1,777
06/25/2015,558,112,0,670
06/26/2015,642,132,0,774
06/27/2015,490,103,2,595
06/28/2015,436,97,2,535
06/29/2015,547,113,2,662
06/30/2015,512,110,0,622
07/01/2015,554,127,2,683
07/02/2015,507,95,1,603
07/03/2015,436,113,0,549
07/04/2015,293,95,1,389
07/05/2015,378,89,0,467
07/06/2015,497,99,2,598
07/07/2015,520,126,0,646
07/08/2015,516,103,1,620
07/09/2015,453,113,1,567
07/10/2015,571,138,0,709
07/11/2015,483,114,0,597
07/12/2015,419,101,1,521
07/13/2015,548,119,1,668
07/14/2015,554,103,0,657
07/15/2015,493,117,0,610
07/16/2015,564,122,0,686
07/17/2015,546,112,1,659
07/18/2015,455,105,1,561
07/19/2015,443,101,1,545
07/20/2015,587,140,0,727
07/21/2015,512,94,0,606
07/22/2015,505,112,1,618
07/23/2015,500,122,0,622
07/24/2015,397,92,1,490
07/25/2015,370,81,0,451
07/26/2015,425,125,1,551
07/27/2015,524,102,0,626
07/28/2015,532,110,1,643
07/29/2015,517,111,1,629
07/30/2015,612,105,0,717
07/31/2015,611,142,0,753
08/01/2015,548,119,1,668
08/02/2015,441,107,1,549
08/03/2015,570,135,0,705
08/04/2015,552,114,0,666
08/05/2015,498,118,3,619
08/06/2015,516,113,0,629
08/07/2015,582,143,1,726
08/08/2015,450,94,1,545
08/09/2015,383,105,1,489
08/10/2015,500,110,1,611
08/11/2015,487,114,0,601
08/12/2015,536,106,1,643
08/13/2015,583,131,0,714
08/14/2015,598,130,0,728
08/15/2015,489,90,0,579
08/16/2015,445,106,1,552
08/17/2015,484,107,1,592
08/18/2015,506,117,0,623
08/19/2015,492,100,2,594
08/20/2015,486,111,3,600
08/21/2015,622,131,0,753
08/22/2015,471,110,0,581
08/23/2015,399,93,0,492
08/24/2015,477,98,0,575
08/25/2015,487,106,1,594
08/26/2015,497,108,1,606
08/27/2015,504,110,0,614
08/28/2015,491,118,0,609
08/29/2015,435,102,2,539
08/30/2015,447,115,1,563
08/31/2015,486,128,0,614
09/01/2015,513,113,0,626
09/02/2015,531,122,0,653
09/03/2015,572,93,0,665
09/04/2015,526,116,1,643
09/05/2015,433,108,0,541
09/06/2015,393,110,1,504
09/07/2015,384,100,1,485
09/08/2015,663,132,0,795
09/09/2015,622,117,1,740
09/10/2015,583,133,0,716
09/11/2015,637,127,1,765
09/12/2015,450,102,2,554
09/13/2015,394,84,0,478
09/14/2015,461,116,2,579
09/15/2015,471,108,0,579
09/16/2015,616,131,0,747
09/17/2015,610,134,0,744
09/18/2015,630,129,1,760
09/19/2015,521,134,0,655
09/20/2015,443,113,0,556
09/21/2015,508,115,1,624
09/22/2015,475,96,0,571
09/23/2015,416,84,1,501
09/24/2015,473,145,1,619
09/25/2015,468,117,0,585
09/26/2015,451,106,0,557
09/27/2015,391,101,1,493
09/28/2015,491,95,0,586
09/29/2015,445,112,0,557
09/30/2015,536,98,0,634
10/01/2015,546,136,1,683
10/02/2015,668,130,0,798
10/03/2015,460,96,0,556
10/04/2015,422,113,1,536
10/05/2015,483,111,2,596
10/06/2015,514,115,2,631
10/07/2015,546,122,0,668
10/08/2015,546,119,1,666
10/09/2015,644,120,0,764
10/10/2015,542,107,0,649
10/11/2015,452,107,0,559
10/12/2015,405,99,1,505
10/13/2015,582,139,3,724
10/14/2015,522,132,4,658
10/15/2015,552,131,0,683
10/16/2015,563,113,0,676
10/17/2015,459,105,1,565
10/18/2015,457,94,0,551
10/19/2015,572,95,0,667
10/20/2015,580,133,1,714
10/21/2015,586,133,1,720
10/22/2015,535,131,0,666
10/23/2015,589,151,2,742
10/24/2015,436,82,1,519
10/25/2015,425,96,1,522
10/26/2015,579,118,1,698
10/27/2015,529,102,0,631
10/28/2015,546,143,0,689
10/29/2015,623,144,0,767
10/30/2015,573,115,0,688
10/31/2015,287,70,0,357
11/01/2015,255,54,3,312
11/02/2015,509,103,0,612
11/03/2015,525,129,1,655
11/04/2015,545,127,0,672
11/05/2015,575,113,2,690
11/06/2015,511,104,1,616
11/07/2015,414,85,1,500
11/08/2015,384,86,2,472
11/09/2015,483,128,4,615
11/10/2015,609,147,0,756
11/11/2015,445,85,0,530
11/12/2015,525,111,1,637
11/13/2015,567,110,0,677
11/14/2015,508,105,0,613
11/15/2015,398,102,0,500
11/16/2015,499,118,1,618
11/17/2015,562,122,0,684
11/18/2015,518,108,2,628
11/19/2015,624,173,0,797
11/20/2015,656,163,0,819
11/21/2015,501,95,1,597
11/22/2015,348,83,0,431
11/23/2015,593,109,1,703
11/24/2015,635,98,0,733
11/25/2015,589,126,2,717
11/26/2015,308,74,1,383
11/27/2015,374,105,1,480
11/28/2015,398,110,0,508
11/29/2015,380,73,0,453
11/30/2015,506,104,1,611
12/01/2015,583,161,2,746
12/02/2015,520,132,3,655
12/03/2015,529,93,1,623
12/04/2015,556,124,0,680
12/05/2015,513,116,0,629
12/06/2015,397,85,3,485
12/07/2015,555,112,1,668
12/08/2015,521,96,1,618
12/09/2015,482,93,0,575
12/10/2015,556,112,0,668
12/11/2015,584,109,1,694
12/12/2015,471,106,1,578
12/13/2015,446,103,0,549
12/14/2015,522,114,1,637
12/15/2015,625,127,1,753
12/16/2015,556,115,2,673
12/17/2015,588,157,0,745
12/18/2015,635,130,2,767
12/19/2015,532,92,0,624
12/20/2015,416,84,0,500
12/21/2015,508,103,0,611
12/22/2015,575,124,0,699
12/23/2015,634,170,1,805
12/24/2015,477,125,1,603
12/25/2015,252,68,1,321
12/26/2015,318,76,0,394
12/27/2015,409,109,0,518
12/28/2015,398,92,0,490
12/29/2015,430,103,0,533
12/30/2015,395,106,0,501
12/31/2015,447,80,0,527
01/01/2016,322,72,0,394
01/02/2016,349,73,0,422
01/03/2016,345,88,0,433
01/04/2016,501,99,1,601
01/05/2016,549,91,0,640
01/06/2016,528,96,0,624
01/07/2016,448,92,1,541
01/08/2016,494,106,2,602
01/09/2016,453,101,0,554
01/10/2016,375,86,1,462
01/11/2016,561,118,1,680
01/12/2016,536,100,1,637
01/13/2016,502,103,0,605
01/14/2016,496,100,1,597
01/15/2016,613,108,1,722
01/16/2016,470,91,2,563
01/17/2016,369,82,0,451
01/18/2016,387,93,1,481
01/19/2016,529,132,1,662
01/20/2016,526,97,0,623
01/21/2016,564,101,1,666
01/22/2016,599,101,1,701
01/23/2016,371,31,0,402
01/24/2016,475,42,0,517
01/25/2016,597,62,0,659
01/26/2016,649,85,0,734
01/27/2016,585,85,0,670
01/28/2016,575,105,1,681
01/29/2016,562,83,0,645
01/30/2016,515,81,1,597
01/31/2016,463,69,0,532
02/01/2016,598,118,0,716
02/02/2016,594,117,0,711
02/03/2016,464,114,1,579
02/04/2016,510,99,0,609
02/05/2016,498,108,1,607
02/06/2016,449,103,1,553
02/07/2016,347,76,0,423
02/08/2016,435,67,0,502
02/09/2016,491,80,0,571
02/10/2016,447,87,3,537
02/11/2016,502,119,1,622
02/12/2016,516,111,1,628
02/13/2016,401,79,0,480
02/14/2016,270,39,0,309
02/15/2016,239,50,1,290
02/16/2016,505,109,1,615
02/17/2016,455,70,0,525
02/18/2016,497,95,0,592
02/19/2016,456,76,0,532
02/20/2016,459,95,1,555
02/21/2016,395,87,0,482
02/22/2016,531,83,1,615
02/23/2016,509,113,0,622
02/24/2016,548,112,0,660
02/25/2016,553,110,0,663
02/26/2016,386,89,0,475
02/27/2016,309,79,0,388
02/28/2016,419,85,5,509
02/29/2016,512,103,1,616
03/01/2016,566,95,0,661
03/02/2016,553,100,0,653
03/03/2016,534,90,1,625
03/04/2016,574,108,0,682
03/05/2016,492,109,0,601
03/06/2016,410,89,1,500
03/07/2016,483,88,0,571
03/08/2016,520,111,0,631
03/09/2016,537,123,0,660
03/10/2016,527,101,1,629
03/11/2016,555,112,2,669
03/12/2016,514,108,0,622
03/13/2016,353,78,0,431
03/14/2016,508,118,0,626
03/15/2016,494,100,1,595
03/16/2016,479,124,0,603
03/17/2016,483,108,0,591
03/18/2016,518,113,0,631
03/19/2016,413,105,1,519
03/20/2016,367,98,1,466
03/21/2016,477,130,0,607
03/22/2016,493,112,1,606
03/23/2016,501,108,0,609
03/24/2016,495,122,0,617
03/25/2016,430,110,0,540
03/26/2016,407,113,2,522
03/27/2016,365,85,0,450
03/28/2016,514,137,0,651
03/29/2016,543,124,0,667
03/30/2016,525,118,0,643
03/31/2016,525,117,0,642
04/01/2016,554,144,0,698
04/02/2016,470,118,0,588
04/03/2016,463,113,0,576
04/04/2016,541,133,1,675
04/05/2016,549,117,1,667
04/06/2016,499,116,1,616
04/07/2016,502,122,2,626
04/08/2016,539,138,0,677
04/09/2016,448,107,0,555
04/10/2016,379,114,0,493
04/11/2016,516,101,0,617
04/12/2016,520,113,1,634
04/13/2016,553,135,0,688
04/14/2016,548,120,1,669
04/15/2016,596,126,1,723
04/16/2016,524,141,0,665
04/17/2016,424,133,0,557
04/18/2016,543,137,0,680
04/19/2016,574,151,0,725
04/20/2016,530,155,2,687
04/21/2016,553,136,0,689
04/22/2016,609,129,0,738
04/23/2016,492,147,0,639
04/24/2016,341,93,0,434
04/25/2016,390,90,0,480
04/26/2016,378,100,0,478
04/27/2016,411,96,1,508
04/28/2016,407,81,0,488
04/29/2016,423,92,0,515
04/30/2016,461,116,1,578
05/01/2016,375,105,2,482
05/02/2016,481,105,1,587
05/03/2016,583,128,0,711
05/04/2016,525,125,1,651
05/05/2016,514,110,0,624
05/06/2016,591,134,1,726
05/07/2016,454,115,0,569
05/08/2016,455,133,1,589
05/09/2016,519,120,2,641
05/10/2016,505,99,2,606
05/11/2016,558,135,0,693
05/12/2016,595,144,0,739
05/13/2016,638,127,0,765
05/14/2016,463,121,2,586
05/15/2016,404,105,0,509
05/16/2016,592,144,1,737
05/17/2016,502,116,1,619
05/18/2016,570,104,0,674
05/19/2016,557,131,0,688
05/20/2016,627,151,1,779
05/21/2016,435,125,0,560
05/22/2016,439,126,1,566
05/23/2016,525,122,0,647
05/24/2016,565,128,0,693
05/25/2016,599,128,0,727
05/26/2016,626,111,1,738
05/27/2016,617,142,0,759
05/28/2016,475,145,1,621
05/29/2016,433,127,1,561
05/30/2016,374,95,0,469
05/31/2016,618,139,1,758
06/01/2016,619,143,0,762
06/02/2016,547,131,0,678
06/03/2016,571,127,0,698
06/04/2016,485,139,0,624
06/05/2016,368,93,1,462
06/06/2016,586,153,1,740
06/07/2016,546,146,2,694
06/08/2016,566,151,0,717
06/09/2016,536,98,0,634
06/10/2016,547,131,1,679
06/11/2016,331,65,2,398
06/12/2016,411,80,0,491
06/13/2016,439,88,2,529
06/14/2016,283,60,0,343
06/15/2016,518,119,0,637
06/16/2016,568,117,2,687
06/17/2016,603,142,1,746
06/18/2016,592,103,2,697
06/19/2016,460,94,3,557
06/20/2016,611,125,1,737
06/21/2016,555,122,0,677
06/22/2016,606,139,0,745
06/23/2016,549,92,0,641
06/24/2016,649,157,1,807
06/25/2016,566,114,1,681
06/26/2016,460,118,0,578
06/27/2016,584,129,0,713
06/28/2016,547,123,1,671
06/29/2016,581,104,1,686
06/30/2016,626,130,1,757
07/01/2016,602,144,3,749
07/02/2016,454,109,2,565
07/03/2016,336,106,2,444
07/04/2016,361,124,0,485
07/05/2016,526,134,0,660
07/06/2016,568,108,0,676
07/07/2016,487,109,3,599
07/08/2016,498,110,1,609
07/09/2016,380,117,0,497
07/10/2016,415,85,1,501
07/11/2016,492,125,1,618
07/12/2016,570,88,1,659
07/13/2016,505,96,0,601
07/14/2016,609,130,0,739
07/15/2016,660,135,0,795
07/16/2016,508,112,1,621
07/17/2016,469,100,2,571
07/18/2016,602,120,0,722
07/19/2016,557,140,0,697
07/20/2016,559,134,0,693
07/21/2016,578,149,1,728
07/22/2016,647,118,0,765
07/23/2016,521,125,1,647
07/24/2016,459,105,0,564
07/25/2016,579,118,0,697
07/26/2016,570,116,0,686
07/27/2016,523,163,1,687
07/28/2016,573,135,0,708
07/29/2016,623,150,0,773
07/30/2016,461,138,0,599
07/31/2016,422,106,1,529
08/01/2016,463,104,2,569
08/02/2016,467,133,0,600
08/03/2016,545,143,0,688
08/04/2016,563,151,0,714
08/05/2016,560,139,0,699
08/06/2016,464,113,1,578
08/07/2016,418,121,1,540
08/08/2016,509,122,0,631
08/09/2016,528,120,2,650
08/10/2016,480,138,0,618
08/11/2016,526,146,0,672
08/12/2016,581,147,1,729
08/13/2016,487,126,1,614
08/14/2016,428,91,2,521
08/15/2016,521,122,0,643
08/16/2016,490,150,1,641
08/17/2016,547,110,1,658
08/18/2016,502,131,2,635
08/19/2016,554,153,0,707
08/20/2016,477,103,0,580
08/21/2016,392,119,1,512
08/22/2016,529,138,1,668
08/23/2016,503,132,2,637
08/24/2016,517,117,1,635
08/25/2016,524,135,0,659
08/26/2016,625,130,0,755
08/27/2016,483,140,1,624
08/28/2016,440,117,0,557
08/29/2016,535,137,2,674
08/30/2016,487,133,2,622
08/31/2016,532,127,2,661
09/01/2016,566,108,0,674
09/02/2016,563,133,1,697
09/03/2016,380,118,0,498
09/04/2016,362,102,1,465
09/05/2016,322,96,1,419
09/06/2016,524,101,1,626
09/07/2016,527,121,0,648
09/08/2016,573,143,0,716
09/09/2016,608,108,0,716
09/10/2016,474,125,0,599
09/11/2016,431,104,1,536
09/12/2016,498,150,0,648
09/13/2016,592,185,1,778
09/14/2016,638,141,0,779
09/15/2016,594,159,1,754
09/16/2016,627,150,0,777
09/17/2016,498,145,1,644
09/18/2016,420,115,0,535
09/19/2016,535,144,1,680
09/20/2016,493,126,0,619
09/21/2016,471,150,0,621
09/22/2016,514,146,0,660
09/23/2016,625,186,1,812
09/24/2016,483,128,1,612
09/25/2016,445,128,0,573
09/26/2016,494,128,0,622
09/27/2016,516,142,1,659
09/28/2016,512,124,1,637
09/29/2016,508,113,3,624
09/30/2016,686,185,1,872
10/01/2016,462,119,0,581
10/02/2016,387,99,0,486
10/03/2016,388,102,0,490
10/04/2016,429,92,2,523
10/05/2016,555,138,2,695
10/06/2016,613,151,0,764
10/07/2016,626,127,1,754
10/08/2016,516,116,1,633
10/09/2016,394,85,0,479
10/10/2016,413,124,2,539
10/11/2016,599,140,0,739
10/12/2016,371,127,0,498
10/13/2016,613,144,0,757
10/14/2016,609,156,2,767
10/15/2016,522,117,2,641
10/16/2016,384,116,1,501
10/17/2016,463,122,0,585
10/18/2016,474,115,1,590
10/19/2016,543,133,0,676
10/20/2016,542,120,0,662
10/21/2016,664,186,1,851
10/22/2016,499,128,2,629
10/23/2016,435,98,1,534
10/24/2016,462,110,1,573
10/25/2016,456,110,0,566
10/26/2016,566,140,0,706
10/27/2016,667,164,0,831
10/28/2016,655,142,1,798
10/29/2016,495,119,0,614
10/30/2016,435,121,1,557
10/31/2016,532,123,0,655
11/01/2016,594,137,1,732
11/02/2016,540,124,1,665
11/03/2016,548,141,0,689
11/04/2016,610,166,1,777
11/05/2016,496,129,1,626
11/06/2016,421,110,0,531
11/07/2016,532,166,1,699
11/08/2016,474,144,2,620
11/09/2016,435,105,1,541
11/10/2016,587,119,0,706
11/11/2016,535,128,0,663
11/12/2016,471,115,0,586
11/13/2016,397,118,3,518
11/14/2016,540,128,0,668
11/15/2016,588,152,1,741
11/16/2016,577,125,0,702
11/17/2016,577,128,2,707
11/18/2016,613,159,1,773
11/19/2016,510,144,2,656
11/20/2016,406,119,0,525
11/21/2016,584,99,1,684
11/22/2016,636,129,0,765
11/23/2016,670,137,0,807
11/24/2016,332,96,0,428
11/25/2016,349,106,0,455
11/26/2016,386,77,0,463
11/27/2016,387,79,0,466
11/28/2016,536,111,0,647
11/29/2016,565,187,0,752
11/30/2016,575,155,0,730
12/01/2016,594,139,1,734
12/02/2016,570,120,0,690
12/03/2016,477,114,1,592
12/04/2016,391,89,2,482
12/05/2016,633,157,1,791
12/06/2016,563,147,1,711
12/07/2016,520,117,0,637
12/08/2016,540,95,0,635
12/09/2016,567,131,3,701
12/10/2016,434,120,0,554
12/11/2016,400,121,0,521
12/12/2016,547,118,0,665
12/13/2016,515,113,2,630
12/14/2016,565,124,0,689
12/15/2016,621,126,2,749
12/16/2016,666,123,1,790
12/17/2016,520,103,0,623
12/18/2016,404,115,0,519
12/19/2016,582,137,3,722
12/20/2016,581,138,0,719
12/21/2016,547,129,0,676
12/22/2016,582,118,0,700
12/23/2016,540,152,0,692
12/24/2016,440,114,0,554
12/25/2016,289,76,0,365
12/26/2016,315,78,0,393
12/27/2016,454,112,3,569
12/28/2016,450,94,2,546
12/29/2016,441,100,0,541
12/30/2016,484,100,0,584
12/31/2016,379,84,0,463
01/01/2017,372,107,4,483
01/02/2017,353,94,0,447
01/03/2017,489,165,1,655
01/04/2017,488,98,0,586
01/05/2017,481,68,1,550
01/06/2017,467,128,0,595
01/07/2017,786,109,0,895
01/08/2017,344,63,0,407
01/09/2017,558,106,3,667
01/10/2017,476,117,1,594
01/11/2017,507,120,1,628
01/12/2017,514,128,0,642
01/13/2017,486,115,0,601
01/14/2017,388,105,0,493
01/15/2017,394,93,0,487
01/16/2017,380,94,0,474
01/17/2017,499,153,0,652
01/18/2017,428,115,2,545
01/19/2017,500,104,1,605
01/20/2017,499,103,0,602
01/21/2017,377,95,0,472
01/22/2017,324,84,0,408
01/23/2017,491,171,2,664
01/24/2017,427,135,1,563
01/25/2017,468,102,0,570
01/26/2017,450,111,0,561
01/27/2017,484,95,0,579
01/28/2017,392,104,0,496
01/29/2017,348,76,0,424
01/30/2017,441,100,1,542
01/31/2017,471,96,0,567
02/01/2017,466,102,1,569
02/02/2017,477,108,0,585
02/03/2017,507,97,0,604
02/04/2017,435,104,2,541
02/05/2017,346,79,0,425
02/06/2017,458,97,1,556
02/07/2017,499,125,1,625
02/08/2017,525,141,0,666
02/09/2017,442,58,0,500
02/10/2017,611,92,0,703
02/11/2017,419,85,1,505
02/12/2017,337,95,0,432
02/13/2017,524,114,0,638
02/14/2017,557,123,0,680
02/15/2017,495,104,1,600
02/16/2017,512,126,0,638
02/17/2017,558,118,1,677
02/18/2017,453,114,1,568
02/19/2017,348,88,0,436
02/20/2017,338,88,0,426
02/21/2017,387,91,0,478
02/22/2017,385,89,0,474
02/23/2017,462,119,0,581
02/24/2017,485,167,1,653
02/25/2017,449,117,1,567
02/26/2017,386,71,0,457
02/27/2017,440,98,1,539
02/28/2017,474,113,0,587
03/01/2017,457,111,1,569
03/02/2017,537,112,0,649
03/03/2017,615,127,1,743
03/04/2017,444,92,0,536
03/05/2017,400,81,0,481
03/06/2017,509,101,0,610
03/07/2017,534,96,4,634
03/08/2017,498,106,0,604
03/09/2017,537,126,1,664
03/10/2017,484,125,0,609
03/11/2017,454,90,0,544
03/12/2017,417,96,1,514
03/13/2017,653,137,0,790
03/14/2017,345,29,0,374
03/15/2017,573,72,1,646
03/16/2017,710,122,2,834
03/17/2017,651,101,0,752
03/18/2017,420,78,0,498
03/19/2017,461,84,1,546
03/20/2017,605,135,1,741
03/21/2017,516,116,0,632
03/22/2017,506,107,0,613
03/23/2017,559,140,3,702
03/24/2017,544,109,0,653
03/25/2017,464,103,0,567
03/26/2017,371,83,0,454
03/27/2017,515,112,1,628
03/28/2017,486,103,0,589
03/29/2017,525,141,0,666
03/30/2017,524,111,0,635
03/31/2017,606,141,0,747
04/01/2017,499,87,1,587
04/02/2017,408,104,0,512
04/03/2017,520,123,1,644
04/04/2017,511,85,0,596
04/05/2017,468,113,2,583
04/06/2017,584,119,0,703
04/07/2017,577,112,0,689
04/08/2017,520,102,1,623
04/09/2017,434,104,1,539
04/10/2017,527,100,1,628
04/11/2017,403,113,1,517
04/12/2017,443,94,0,537
04/13/2017,476,112,1,589
04/14/2017,404,110,1,515
04/15/2017,396,97,0,493
04/16/2017,390,86,1,477
04/17/2017,380,100,1,481
04/18/2017,413,99,1,513
04/19/2017,468,109,0,577
04/20/2017,511,112,1,624
04/21/2017,563,123,0,686
04/22/2017,450,96,1,547
04/23/2017,404,106,2,512
04/24/2017,438,102,1,541
04/25/2017,584,135,0,719
04/26/2017,499,123,0,622
04/27/2017,570,114,0,684
04/28/2017,700,154,0,854
04/29/2017,514,141,4,659
04/30/2017,375,94,0,469
05/01/2017,520,117,0,637
05/02/2017,593,144,0,737
05/03/2017,587,124,0,711
05/04/2017,560,133,1,694
05/05/2017,643,133,0,776
05/06/2017,549,130,0,679
05/07/2017,391,117,1,509
05/08/2017,502,133,0,635
05/09/2017,542,105,0,647
05/10/2017,549,115,0,664
05/11/2017,550,129,1,680
05/12/2017,670,144,0,814
05/13/2017,546,135,0,681
05/14/2017,518,112,0,630
05/15/2017,616,110,0,726
05/16/2017,571,121,1,693
05/17/2017,594,153,1,748
05/18/2017,721,183,1,905
05/19/2017,797,167,0,964
05/20/2017,484,126,0,610
05/21/2017,482,129,1,612
05/22/2017,594,121,1,716
05/23/2017,542,115,0,657
05/24/2017,515,124,0,639
05/25/2017,580,157,0,737
05/26/2017,648,123,0,771
05/27/2017,384,90,1,475
05/28/2017,366,102,1,469
05/29/2017,293,73,2,368
05/30/2017,509,133,0,642
05/31/2017,516,152,0,668
06/01/2017,513,134,0,647
06/02/2017,572,161,0,733
06/03/2017,489,143,1,633
06/04/2017,376,92,0,468
06/05/2017,530,121,0,651
06/06/2017,525,132,0,657
06/07/2017,553,115,0,668
06/08/2017,511,146,1,658
06/09/2017,626,140,0,766
06/10/2017,535,126,1,662
06/11/2017,561,138,1,700
06/12/2017,652,146,2,800
06/13/2017,680,142,0,822
06/14/2017,595,153,0,748
06/15/2017,613,148,0,761
06/16/2017,521,133,0,654
06/17/2017,538,111,3,652
06/18/2017,454,136,0,590
06/19/2017,638,167,1,806
06/20/2017,654,152,1,807
06/21/2017,604,136,1,741
06/22/2017,697,143,0,840
06/23/2017,641,148,0,789
06/24/2017,610,137,2,749
06/25/2017,458,125,0,583
06/26/2017,531,133,1,665
06/27/2017,583,168,0,751
06/28/2017,563,164,0,727
06/29/2017,626,136,2,764
06/30/2017,606,135,3,744
07/01/2017,455,137,1,593
07/02/2017,401,130,2,533
07/03/2017,514,99,1,614
07/04/2017,315,107,0,422
07/05/2017,562,141,0,703
07/06/2017,492,117,0,609
07/07/2017,527,145,2,674
07/08/2017,458,123,1,582
07/09/2017,394,112,0,506
07/10/2017,541,124,1,666
07/11/2017,518,112,1,631
07/12/2017,564,110,0,674
07/13/2017,617,136,1,754
07/14/2017,579,123,0,702
07/15/2017,521,122,3,646
07/16/2017,387,123,4,514
07/17/2017,507,125,1,633
07/18/2017,545,155,0,700
07/19/2017,604,136,1,741
07/20/2017,629,140,0,769
07/21/2017,591,134,2,727
07/22/2017,519,126,1,646
07/23/2017,438,112,1,551
07/24/2017,490,127,0,617
07/25/2017,462,127,0,589
07/26/2017,501,131,1,633
07/27/2017,484,119,2,605
07/28/2017,551,126,3,680
07/29/2017,410,97,1,508
07/30/2017,464,139,1,604
07/31/2017,528,125,0,653
08/01/2017,562,140,1,703
08/02/2017,494,118,0,612
08/03/2017,567,142,0,709
08/04/2017,606,141,2,749
08/05/2017,456,113,1,570
08/06/2017,411,103,1,515
08/07/2017,492,110,0,602
08/08/2017,503,123,2,628
08/09/2017,537,109,1,647
08/10/2017,512,131,1,644
08/11/2017,528,123,0,651
08/12/2017,413,108,1,522
08/13/2017,439,115,0,554
08/14/2017,494,99,1,594
08/15/2017,451,118,0,569
08/16/2017,463,129,2,594
08/17/2017,504,127,1,632
08/18/2017,491,115,0,606
08/19/2017,491,138,2,631
08/20/2017,419,111,0,530
08/21/2017,504,115,1,620
08/22/2017,546,125,0,671
08/23/2017,489,129,0,618
08/24/2017,484,138,1,623
08/25/2017,482,145,1,628
08/26/2017,448,114,0,562
08/27/2017,381,110,2,493
08/28/2017,449,127,0,576
08/29/2017,464,138,0,602
08/30/2017,535,132,0,667
08/31/2017,497,114,1,612
09/01/2017,533,143,1,677
09/02/2017,425,131,0,556
09/03/2017,402,111,1,514
09/04/2017,386,136,1,523
09/05/2017,564,138,0,702
09/06/2017,492,110,0,602
09/07/2017,610,165,1,776
09/08/2017,600,134,0,734
09/09/2017,459,143,0,602
09/10/2017,403,121,2,526
09/11/2017,599,127,0,726
09/12/2017,543,127,1,671
09/13/2017,588,143,2,733
09/14/2017,582,133,2,717
09/15/2017,623,194,0,817
09/16/2017,490,124,1,615
09/17/2017,445,136,0,581
09/18/2017,531,130,3,664
09/19/2017,527,130,0,657
09/20/2017,464,114,0,578
09/21/2017,432,98,0,530
09/22/2017,490,118,1,609
09/23/2017,476,152,0,628
09/24/2017,444,137,1,582
09/25/2017,606,109,1,716
09/26/2017,504,147,1,652
09/27/2017,530,154,1,685
09/28/2017,577,155,0,732
09/29/2017,592,157,0,749
09/30/2017,427,112,4,543
10/01/2017,444,118,1,563
10/02/2017,590,141,0,731
10/03/2017,570,113,1,684
10/04/2017,555,141,0,696
10/05/2017,527,123,0,650
10/06/2017,517,125,2,644
10/07/2017,436,129,0,565
10/08/2017,416,103,0,519
10/09/2017,419,118,0,537
10/10/2017,601,155,1,757
10/11/2017,491,132,0,623
10/12/2017,469,130,0,599
10/13/2017,525,126,1,652
10/14/2017,441,121,0,562
10/15/2017,389,105,0,494
10/16/2017,501,131,1,633
10/17/2017,574,152,2,728
10/18/2017,593,140,0,733
10/19/2017,596,158,1,755
10/20/2017,621,194,0,815
10/21/2017,465,110,3,578
10/22/2017,415,105,1,521
10/23/2017,536,130,0,666
10/24/2017,562,112,1,675
10/25/2017,520,121,1,642
10/26/2017,550,100,0,650
10/27/2017,588,166,0,754
10/28/2017,486,124,0,610
10/29/2017,441,167,0,608
10/30/2017,663,157,0,820
10/31/2017,550,136,3,689
11/01/2017,481,121,2,604
11/02/2017,594,144,1,739
11/03/2017,615,150,0,765
11/04/2017,481,125,0,606
11/05/2017,403,111,0,514
11/06/2017,546,127,1,674
11/07/2017,549,151,2,702
11/08/2017,545,112,0,657
11/09/2017,564,129,1,694
11/10/2017,595,123,3,721
11/11/2017,504,115,0,619
11/12/2017,433,102,2,537
11/13/2017,587,108,1,696
11/14/2017,545,94,1,640
11/15/2017,572,134,0,706
11/16/2017,638,166,0,804
11/17/2017,660,146,1,807
11/18/2017,496,126,2,624
11/19/2017,450,121,0,571
11/20/2017,599,143,0,742
11/21/2017,646,141,0,787
11/22/2017,633,133,1,767
11/23/2017,369,96,0,465
11/24/2017,406,87,2,495
11/25/2017,374,80,1,455
11/26/2017,386,95,1,482
11/27/2017,521,112,0,633
11/28/2017,519,122,1,642
11/29/2017,561,135,0,696
11/30/2017,527,129,0,656
12/01/2017,615,154,0,769
12/02/2017,488,84,0,572
12/03/2017,372,71,3,446
12/04/2017,529,153,0,682
12/05/2017,555,145,1,701
12/06/2017,536,109,0,645
12/07/2017,550,139,0,689
12/08/2017,563,117,1,681
12/09/2017,426,110,0,536
12/10/2017,402,107,0,509
12/11/2017,578,143,0,721
12/12/2017,567,116,1,684
12/13/2017,578,129,0,707
12/14/2017,719,159,1,879
12/15/2017,833,161,0,994
12/16/2017,532,121,0,653
12/17/2017,439,107,1,547
12/18/2017,571,132,1,704
12/19/2017,534,118,1,653
12/20/2017,556,139,0,695
12/21/2017,591,145,2,738
12/22/2017,586,130,0,716
12/23/2017,443,118,1,562
12/24/2017,381,87,0,468
12/25/2017,268,61,0,329
12/26/2017,441,96,1,538
12/27/2017,461,113,1,575
12/28/2017,517,89,0,606
12/29/2017,505,91,1,597
12/30/2017,457,104,0,561
12/31/2017,376,81,0,457
01/01/2018,361,81,0,442
01/02/2018,521,124,0,645
01/03/2018,513,118,0,631
01/04/2018,406,42,0,448
01/05/2018,593,96,1,690
01/06/2018,491,93,1,585
01/07/2018,378,87,0,465
01/08/2018,578,124,0,702
01/09/2018,550,124,0,674
01/10/2018,543,134,2,679
01/11/2018,537,146,0,683
01/12/2018,558,135,0,693
01/13/2018,473,121,1,595
01/14/2018,388,93,0,481
01/15/2018,399,113,1,513
01/16/2018,493,112,0,605
01/17/2018,497,105,0,602
01/18/2018,510,115,1,626
01/19/2018,509,85,1,595
01/20/2018,432,91,0,523
01/21/2018,326,90,1,417
01/22/2018,422,125,0,547
01/23/2018,405,118,1,524
01/24/2018,496,107,0,603
01/25/2018,475,121,1,597
01/26/2018,535,137,1,673
01/27/2018,402,100,0,502
01/28/2018,331,74,0,405
01/29/2018,423,97,0,520
01/30/2018,470,102,0,572
01/31/2018,484,108,0,592
02/01/2018,487,99,0,586
02/02/2018,509,102,2,613
02/03/2018,391,80,1,472
02/04/2018,404,129,1,534
02/05/2018,571,126,2,699
02/06/2018,449,92,0,541
02/07/2018,499,144,1,644
02/08/2018,484,121,0,605
02/09/2018,469,109,0,578
02/10/2018,429,114,0,543
02/11/2018,364,113,0,477
02/12/2018,445,94,0,539
02/13/2018,502,102,1,605
02/14/2018,536,122,1,659
02/15/2018,524,114,0,638
02/16/2018,467,105,0,572
02/17/2018,486,108,2,596
02/18/2018,361,106,0,467
02/19/2018,340,90,0,430
02/20/2018,407,117,1,525
02/21/2018,477,114,1,592
02/22/2018,446,101,0,547
02/23/2018,436,107,0,543
02/24/2018,415,119,0,534
02/25/2018,353,92,0,445
02/26/2018,457,91,0,548
02/27/2018,507,111,2,620
02/28/2018,519,115,1,635
03/01/2018,493,117,2,612
03/02/2018,703,169,2,874
03/03/2018,497,107,0,604
03/04/2018,366,88,0,454
03/05/2018,516,93,1,610
03/06/2018,547,118,0,665
03/07/2018,406,102,0,508
03/08/2018,519,110,0,629
03/09/2018,621,124,0,745
03/10/2018,463,94,2,559
03/11/2018,359,102,0,461
03/12/2018,551,121,1,673
03/13/2018,459,112,1,572
03/14/2018,514,95,0,609
03/15/2018,521,147,1,669
03/16/2018,607,139,0,746
03/17/2018,450,98,1,549
03/18/2018,417,102,0,519
03/19/2018,578,102,1,681
03/20/2018,468,120,0,588
03/21/2018,385,85,0,470
03/22/2018,619,130,0,749
03/23/2018,592,128,1,721
03/24/2018,447,98,0,545
03/25/2018,375,108,0,483
03/26/2018,558,131,0,689
03/27/2018,521,96,1,618
03/28/2018,514,99,0,613
03/29/2018,480,115,0,595
03/30/2018,466,99,1,566
03/31/2018,438,126,0,564
04/01/2018,300,89,0,389
04/02/2018,430,95,0,525
04/03/2018,417,98,0,515
04/04/2018,428,84,1,513
04/05/2018,385,79,0,464
04/06/2018,315,87,0,402